%%Vsx=0
y=[0;0;0;0;4.06088083733429e-42;1.82885814258147e-26;1.15441846222357e-25;7.52874398200132e-25;2.11608348141538e-22;1.87159916966817e-21;9.22323923145607e-21;3.28971384904696e-20;1.13545428995953e-18;7.06990583070311e-18;2.79027672259839e-17;8.52929593757759e-17;2.48762128736095e-15;1.69072962157351e-14;7.08573786934263e-14;2.26317349068920e-13;6.02407901872824e-13;7.55870829923574e-12;3.91823490097694e-11;1.39252030781893e-10;3.96126508605921e-10;9.67084926752746e-10;3.65159944046023e-09;1.08122373752684e-08;2.70593434525955e-08;5.99032619755463e-08;1.20709449876111e-07;2.25709400113280e-07;4.75673131753401e-07;9.18945754024367e-07;1.65469596873235e-06;2.67997117241494e-06;2.67997117241509e-06;3.25584710175791e-06;3.92203435433650e-06;4.68995698373802e-06;6.27295977839539e-06;8.22677387758309e-06;1.06232710135510e-05;1.35333091331619e-05;2.04679534574554e-05;2.98461849515687e-05;4.21583505545911e-05;5.78981351638513e-05;7.75452704573062e-05;0.000124676266736120;0.000188546211735169;0.000271075866046268;0.000373670088334996;0.000497258243882882;0.000766214234909405;0.00110244657064953;0.00150547309883753;0.00197394693757761;0.00250637463817122;0.00327824294598444;0.00415035493861600;0.00512107299346592;0.00618925244220734;0.00735412096977100;0.00988793370254841;0.0127812340446783;0.0160324224262439;0.0196401460011400;0.0236028881449850;0.0355522167135624;0.0498607188074007;0.0665005532148925;0.0854432707910802;0.149060687719419;0.229250752376335;0.325447947699274;0.437102704756585;0.563680626045788;1.09770359299035;1.77844379336382;2.58802839889486;3.51010865048065;4.52971932227699;6.62129483871874;8.92267771954543;11.3689784716219;13.9062338070692;16.4896094832478;19.5817890495111;22.6361192115657;25.6130336629980;28.4829663437397;31.2244283790049;35.5876752893904;38.7316557401091;39.6159942802488;40.4739433645391;41.3055375686622;41.5498750924156;41.6227134561676;41.6953401956930;41.7677568104035;41.8129844202562;41.8129844202567;41.8568559635771;41.9006514948555;41.9443683321295;41.9899559405378;42.0354634948664;42.0808848234970;42.1262177464468;42.2046309373562;42.2692792489891;42.3337508446860;42.3980480260220;42.4621723031771;42.5636563412184;42.6474369319165;42.7309148152373;42.8140881493436;42.8969565192939;43.0154663338555;43.1333542064537;43.2506236019684;43.3672756732232;43.5142750953901;43.6602826894919;43.8053013410309;43.9493351344327;44.1788952494331;44.4058770646832;44.6303292334716;45.2891119633782;45.9258611088290;46.5406734286869;47.7889095464066;48.9469675239203;50.0160444578808;50.9996955484468;52.6084502621098;53.9724279045430;55.1200906291927;56.0789795046789;57.1769426247589;58.0020667906614;58.6146977828813;59.0637565717907;59.3879594409394;59.7612752321633;59.9369231728688;60.0128714457940;60.0402612101854;60.0447291341669;60.0340926145540;60.0338877122114;60.0336347511899;60.0333639739351;60.0330924516593;60.0328221583553;60.0324028643076;60.0319808954145;60.0318860332750;60.0318860332750;60.0314644559162;60.0310443994547;60.0307979873756;60.0307979873756;60.0303801438027;60.0299632163353;60.0295469149259;60.0290012286527;60.0288378445758;60.0288040181781;60.0288040181781;60.0286409869805;60.0284782440365;60.0283158976811;60.0279981432743;60.0276830973870;60.0273707651742;60.0267658767802;60.0261688741115;60.0255801001691;60.0250012787307;60.0235283148878;60.0221424062623;60.0208464064001;60.0159020020910;60.0126986831280;60.0107321154404;60.0090629047379;60.0083175765434;60.0081025217405;60.0081025217405;60.0079009227478;60.0077120101527;60.0075249488757;60.0073376855729;60.0072013937839;60.0072013937839;60.0070181024667;60.0068390314029;60.0066644004285;60.0064935875305;60.0064849090488;60.0064849090488;60.0064702033058;60.0064554099575;60.0064403513627;60.0064250904030;60.0064123747399;60.0063997077445;60.0063871608942;60.0063747477234;60.0063489927184;60.0063231508383;60.0062973177977;60.0062717045593;60.0061869172007;60.0061032606414;60.0060208259684;60.0058657313823;60.0057145869759;60.0056700191569;60.0056567190232;60.0056434507622;60.0056394764607;60.0056355049867;60.0056348157481;60.0056341265951;60.0056339198658;60.0056337131443;60.0056336511293;60.0056336325250;60.0056336139207;60.0056335953164;60.0056335897352;60.0056335841539;60.0056335785727;60.0056335729914;60.0056335171793;60.0056334613678;60.0056334055569;60.0056333497465;60.0056330455033;60.0056327412768;60.0056324370670;60.0056321328740;60.0056290924297;60.0056260536378;60.0056230165281;60.0055987495566;60.0055745886223;60.0055505335883;60.0055265842075;60.0054872526267;60.0054482063959;60.0054094430438;60.0053709603909;60.0052644550612;60.0051600960516;60.0050578396978;60.0049576422293;60.0048302619779;60.0047062040361;60.0045853798526;60.0044677026092;60.0043530947450;60.0042414727245;60.0041327529597;60.0040268560299;60.0039237065564;60.0038232318329;60.0037253610519;60.0036300251819;60.0035371570404;60.0034466913161;60.0033585645195;60.0032727149140;60.0032518547109;60.0032518547109;60.0032468286953;60.0032418103380;60.0032367997888;60.0032218310551;60.0032069311220;60.0031921006280;60.0031878528798];
