x=[-60;-60;-60;-60;-60;-60;-60;-60;-60;-60;-60;-60;-60;-60;-60;-60;-60;-60.0000000000000;-59.9999999999999;-59.9999999999998;-59.9999999999994;-59.9999999999924;-59.9999999999608;-59.9999999998608;-59.9999999996039;-59.9999999990329;-59.9999999963484;-59.9999999891878;-59.9999999729407;-59.9999999400967;-59.9999998792906;-59.9999997742906;-59.9999995243269;-59.9999990810543;-59.9999983453040;-59.9999973200288;-59.9999973200288;-59.9999967441529;-59.9999960779657;-59.9999953100430;-59.9999937270402;-59.9999917732261;-59.9999893767290;-59.9999864666909;-59.9999795320465;-59.9999701538151;-59.9999578416495;-59.9999421018648;-59.9999224547295;-59.9998753237333;-59.9998114537883;-59.9997289241340;-59.9996263299117;-59.9995027417561;-59.9992337857651;-59.9988975534294;-59.9984945269012;-59.9980260530624;-59.9974936253618;-59.9967217570540;-59.9958496450614;-59.9948789270065;-59.9938107475578;-59.9926458790302;-59.9901120662975;-59.9872187659553;-59.9839675775738;-59.9803598539989;-59.9763971118550;-59.9644477832864;-59.9501392811926;-59.9334994467851;-59.9145567292089;-59.8509393122806;-59.7707492476237;-59.6745520523007;-59.5628972952434;-59.4363193739542;-58.9022964070097;-58.2215562066362;-57.4119716011051;-56.4898913495194;-55.4702806777230;-53.3787051612813;-51.0773222804546;-48.6310215283781;-46.0937661929308;-43.5103905167522;-40.4182109504889;-37.3638807884343;-34.3869663370020;-31.5170336562603;-28.7755716209951;-24.4123247106096;-21.2683442598909;-20.3840057197512;-19.5260566354609;-18.6944624313378;-18.4501249075844;-18.3772865438324;-18.3046598043070;-18.2322431895965;-18.1870155797438;-18.1870155797433;-18.1431440364229;-18.0993485051445;-18.0556316678705;-18.0100440594622;-17.9645365051336;-17.9191151765030;-17.8737822535532;-17.7953690626438;-17.7307207510109;-17.6662491553140;-17.6019519739780;-17.5378276968229;-17.4363436587816;-17.3525630680835;-17.2690851847627;-17.1859118506564;-17.1030434807061;-16.9845336661445;-16.8666457935463;-16.7493763980317;-16.6327243267768;-16.4857249046099;-16.3397173105081;-16.1946986589691;-16.0506648655673;-15.8211047505669;-15.5941229353168;-15.3696707665284;-14.7108880366218;-14.0741388911710;-13.4593265713131;-12.2110904535934;-11.0530324760797;-9.98395554211921;-9.00030445155323;-7.39154973789021;-6.02757209545703;-4.87990937080726;-3.92102049532107;-2.82305737524111;-1.99793320933856;-1.38530221711872;-0.936243428209345;-0.612040559060581;-0.238724767836658;-0.0630768271311553;0.0128714457940404;0.0402612101854416;0.0447291341669356;0.0340926145539555;0.0338877122114099;0.0336347511898794;0.0333639739350815;0.0330924516593356;0.0328221583552661;0.0324028643076062;0.0319808954144989;0.0318860332750077;0.0318860332750077;0.0314644559161863;0.0310443994546930;0.0307979873755926;0.0307979873755926;0.0303801438026525;0.0299632163352470;0.0295469149258807;0.0290012286526675;0.0288378445757758;0.0288040181781284;0.0288040181781284;0.0286409869805269;0.0284782440364921;0.0283158976811109;0.0279981432742744;0.0276830973870261;0.0273707651742328;0.0267658767802246;0.0261688741114554;0.0255801001690514;0.0250012787307341;0.0235283148877699;0.0221424062622901;0.0208464064000751;0.0159020020909466;0.0126986831279652;0.0107321154404190;0.00906290473789539;0.00831757654340493;0.00810252174048287;0.00810252174048287;0.00790092274776555;0.00771201015268019;0.00752494887574073;0.00733768557286396;0.00720139378393725;0.00720139378393725;0.00701810246674484;0.00683903140293296;0.00666440042854077;0.00649358753050677;0.00648490904876553;0.00648490904876553;0.00647020330577419;0.00645540995748206;0.00644035136265586;0.00642509040303452;0.00641237473993073;0.00639970774454213;0.00638716089417812;0.00637474772335622;0.00634899271837242;0.00632315083833390;0.00629731779766019;0.00627170455930326;0.00618691720074338;0.00610326064139599;0.00602082596839182;0.00586573138231472;0.00571458697591254;0.00567001915687371;0.00565671902316467;0.00564345076221429;0.00563947646074325;0.00563550498669940;0.00563481574814517;0.00563412659506923;0.00563391986582218;0.00563371314427741;0.00563365112931535;0.00563363252496174;0.00563361392067208;0.00563359531644636;0.00563358973517580;0.00563358415391946;0.00563357857266311;0.00563357299142098;0.00563351717934069;0.00563346136782172;0.00563340555685699;0.00563334974646068;0.00563304550328070;0.00563274127679847;0.00563243706703531;0.00563213287398412;0.00562909242972864;0.00562605363778346;0.00562301652804820;0.00559874955658302;0.00557458862228799;0.00555053358833391;0.00552658420746610;0.00548725262665784;0.00544820639592558;0.00540944304382407;0.00537096039087714;0.00526445506117312;0.00516009605163958;0.00505783969781248;0.00495764222925743;0.00483026197791503;0.00470620403604727;0.00458537985264229;0.00446770260918328;0.00435309474500656;0.00424147272448749;0.00413275295966997;0.00402685602986708;0.00392370655642083;0.00382323183287525;0.00372536105189170;0.00363002518186306;0.00353715704040525;0.00344669131607134;0.00335856451953731;0.00327271491399728;0.00325185471090350;0.00325185471090350;0.00324682869524651;0.00324181033803939;0.00323679978878744;0.00322183105512153;0.00320693112202974;0.00319210062797026;0.00318785287981882];
