%%a4=0.5
y=[0;0;0;0;1.06982345391287e-41;4.81805650839425e-26;3.04127109628456e-25;1.98312158112683e-24;5.56734731074526e-22;4.92316554415307e-21;2.42485713231375e-20;8.64362506487122e-20;2.97239857486019e-18;1.84842769596895e-17;7.28275678127074e-17;2.22193579558067e-16;6.40120366249244e-15;4.32052286945211e-14;1.79800670286326e-13;5.70094212396899e-13;1.50599104368086e-12;1.81619716037181e-11;9.16084923963651e-11;3.16210280682194e-10;8.70415087704734e-10;2.04771087468851e-09;7.11484232906093e-09;1.92128594975450e-08;4.34402084745549e-08;8.60355589616183e-08;1.53751918559398e-07;2.53228162493308e-07;4.46858723926307e-07;7.21299491403387e-07;1.08724681928260e-06;1.50482889533804e-06;1.50482889533810e-06;1.70553425733172e-06;1.92101257816625e-06;2.15182695873498e-06;2.58843366262496e-06;3.07114182137972e-06;3.60260949284334e-06;4.18418965184728e-06;5.38814858776783e-06;6.76683592980032e-06;8.32152625392202e-06;1.00527814497518e-05;1.19609292474770e-05;1.58829208953245e-05;2.03908200913175e-05;2.54848537447221e-05;3.11650189707733e-05;3.74312972593749e-05;4.98478925229678e-05;6.40703175245637e-05;8.00984625562553e-05;9.79321889534364e-05;0.000117571355495350;0.000145310648295717;0.000176000732293773;0.000209641268388244;0.000246231895184511;0.000285772231170474;0.000370886866676998;0.000467097344148820;0.000574400231127481;0.000692791792349742;0.000822267997838540;0.00121077480326656;0.00167410572469466;0.00221216454441910;0.00282484004643415;0.00488923759015353;0.00751190062344903;0.0106890705569915;0.0144162588680982;0.0186882913369506;0.0371584385354711;0.0615511827354220;0.0915293435110840;0.126701734954462;0.166643035656950;0.251320883887232;0.348040616270178;0.454302116274341;0.567933764063313;0.687159378594730;0.834849336956424;0.986745291358823;1.14155754469277;1.29838657888041;1.45660519299351;1.72992660690679;1.94860133671070;2.01430522547277;2.08005834234460;2.14585085214419;2.16559462552838;2.17151819239779;2.17744197623678;2.18336598247643;2.18707458746465;2.18707458746469;2.19068068243600;2.19428685455941;2.19789310481401;2.20165947209365;2.20542591609204;2.20919244151921;2.21295904956460;2.21949178003394;2.22489444064954;2.23029726574718;2.23570025316621;2.24110340080080;2.24968472111971;2.25679738362576;2.26391031005206;2.27102349589158;2.27813693674403;2.28835585462680;2.29857527728982;2.30879519260927;2.31901558861040;2.33197329402331;2.34493173016163;2.35789087475578;2.37085070604636;2.39176134343513;2.41267360888914;2.43358740025663;2.49688082840035;2.56018484628163;2.62349819828039;2.75852047402195;2.89357042593667;3.02864176429242;3.16372887389690;3.41283424788925;3.66196247334052;3.91110313843129;4.16025023215685;4.51941214039866;4.87857633544978;5.23774133181442;5.59690688326835;5.95607281452603;6.64917325830739;7.34227369007233;8.03537404514560;8.72847442337084;9.42157484381211;10.4350034521580;10.4623660241860;10.4897285960313;10.5170911678264;10.5444537396405;10.5718163114809;10.6139768334065;10.6561373553515;10.6656002269862;10.6656002269864;10.7077607489530;10.7499212709341;10.7747426983088;10.7747426983090;10.8169032203110;10.8590637423242;10.9012242643478;10.9566100753861;10.9732258187003;10.9766685401197;10.9766685401199;10.9932842834360;11.0099000267534;11.0265157700719;11.0592585115285;11.0920012529890;11.1247439944533;11.1887817078760;11.2528194213098;11.3168571347536;11.3808948482061;11.5531706204284;11.7254463926808;11.8977221649541;12.8187757904255;13.7398294159581;14.6608830415063;16.2953282823641;17.9297735232233;17.9377741742248;17.9377741742250;17.9819041957281;18.0260342172313;18.0701642387344;18.2025543032439;18.3349443677534;18.4673344322629;18.5997244967724;19.2616748193201;19.9236251418677;20.5855754644154;22.9071760533841;25.2287766423528;27.5503772313215;29.8719778202902;32.5446863308594;35.2173948414285;36.0192073945993;36.8210199477700;36.8931830775554;36.9361351898657;36.9424460951825;36.9443393667775;36.9462326383726;36.9481259099676;36.9482963044111;36.9483474227442;36.9483985410773;36.9484496594103;36.9485007777434;36.9490119610708;36.9495231443861;36.9500343276754;36.9505455109230;36.9556573265882;36.9607691094422;36.9658808433793;37.0169832207967;37.0680576659941;37.1190925132887;37.3455051083737;37.5704135696663;37.7934094242273;38.0142344679614;38.3925719311919;38.7636921356836;39.1274896071061;39.4839553896199;40.4843281549182;41.4233826528123;42.3022050956052;43.1220208245497;44.7988970784856;46.1861289876117;47.3055978007573;48.1830693382565;48.8484083191368;49.3353719663953;49.6806794545363;49.8918940054608;49.8918940054609;49.8934257596121;49.8949541213552;49.8964790314576;49.9050870653013;49.9135882201123;49.9219825394503;49.9508208984044;49.9784393231403;50.0048605840608;50.0301135334210;50.1394221138118;50.2212525581917;50.2756084121665;50.3026608195772;50.3065377366720;50.3065377366720;50.3064906012988;50.3063893435424;50.3062332692872;50.3053326717876;50.3039706131021;50.3021564912746;50.2911576522943;50.2744974336388;50.2532777548357;50.2287241694329;50.1648759955684;50.0992213945040;50.0377000803435;50.0290371482169;50.0290371482169;50.0279344513347;50.0268344806639;50.0257372861843;50.0224680176441;50.0192231247138;50.0160028365179;50.0034688145423;49.9913262335831;49.9795922153078;49.9369534059316;49.9023556744347;49.8771534477095;49.8622186473742;49.8575276022956;49.8575276022956;49.8579506674213;49.8588503406427;49.8602171568493;49.8620279659216;49.8739724113976;49.8895249122294;49.9071624362123;49.9288824701776;49.9506376494536;49.9714925583523;49.9906762385976;49.9906762385976;50.0079664420396;50.0234396893383;50.0367247097592;50.0399446319949];
