%%k=100
x=[0;2.11758234985422e-22;2.11758239115992e-22;6.35274707956691e-22;6.35274712108557e-22;2.50964908230139e-06;5.01929816460278e-06;7.52894724690417e-06;1.95355415821974e-05;3.15421359174907e-05;4.35487302527840e-05;5.55553245880773e-05;9.35973271633232e-05;0.000131639329738569;0.000169681332313815;0.000207723334889061;0.000287067676062292;0.000366412017235523;0.000445756358408754;0.000525100699581985;0.000604445040755216;0.000740039683396694;0.000875634326038171;0.00101122896867965;0.00114682361132113;0.00128241825396260;0.00149409009111250;0.00170576192826240;0.00191743376541229;0.00212910560256219;0.00234077743971208;0.00268295045413485;0.00302512346855762;0.00336729648298039;0.00370946949740316;0.00405164251182593;0.00485640338938246;0.00566116426693899;0.00646592514449552;0.00727068602205206;0.00901075684193625;0.0107508276618204;0.0124908984817046;0.0142309693015888;0.0169832810959221;0.0197355928902553;0.0224879046845886;0.0252402164789218;0.0290238180101168;0.0328074195413118;0.0365910210725069;0.0403746226037019;0.0441582241348969;0.0497940475744469;0.0554298710139969;0.0610656944535470;0.0667015178930970;0.0723373413326470;0.0839785537620777;0.0956197661915083;0.107260978620939;0.118902191050370;0.170044727622934;0.221187264195498;0.272329800768062;0.323472337340626;0.588509700409886;0.853547063479146;1.11858442654841;1.38362178961767;2.03861508941439;2.69360838921111;3.34860168900784;4.00359498880456;4.65858828860129;6.30828329345026;7.95797829829923;9.60767330314820;11.2573683079972;12.9070633128461;15.6069007012959;18.3067380897457;21.0065754781955;23.7064128666453;26.4062502550951;30.4763442793605;34.5464383036259;38.6165323278912;42.6866263521566;46.7567203764220;50.8268144006873;58.1797620001558;65.5327095996243;72.8856571990929;80.2386047985614;87.5915523980299;94.9444999974984;108.305801014821;121.667102032144;135.028403049466;148.389704066789;161.751005084111;191.751005084111;221.751005084111;251.751005084111;281.751005084112;311.751005084112;341.751005084112;371.751005084112;401.751005084112;431.751005084112;461.751005084112;491.751005084112;521.751005084112;551.751005084112;581.751005084112;611.751005084112;641.751005084112;671.751005084112;701.751005084112;731.751005084112;761.751005084112;791.751005084112;821.751005084112;830.751005084112;839.751005084112;842.451005084112;843.612850964554;844.200710683132;844.275651763810;844.350592844489;844.425533925167;844.500475005846;844.943637094133;845.386799182421;845.829961270709;847.174483895856;848.519006521004;849.863529146152;851.208051771299;853.514066045746;855.820080320193;858.126094594640;860.432108869087;862.738123143534;867.202634852707;871.667146561880;876.131658271054;877.471011783806;878.810365296558;880.149718809310;880.744489498193;880.744489498200;880.774808105456;880.805126712712;880.835445319968;881.138631392525;881.441817465082;881.745003537639;882.443592685471;883.142181833303;883.840770981135;884.539360128967;885.973061853242;887.406763577518;888.840465301793;890.274167026069;891.707868750344;894.728174292671;897.748479834999;900.768785377326;903.789090919653;908.930676442587;913.172734594739;913.172734594746;913.320529037979;913.468323481211;913.616117924443;915.094062356766;916.572006789089;918.049951221412;922.654863483081;927.259775744750;931.864688006418;936.469600268087;943.600679505462;950.731758742837;957.862837980213;960.002161751425;961.503725478267;961.503725478274;961.546293247597;961.588861016919;961.631428786242;961.899008937035;962.166589087828;962.434169238621;963.762580151848;965.090991065075;966.419401978302;969.021720052336;971.624038126371;974.226356200406;976.828674274441;982.418061970476;988.007449666511;993.596837362546;998.209814487143;998.209814487150;998.262757441877;998.315700396604;998.368643351331;998.898072898598;999.427502445865;999.956931993132;1005.25122746580;1010.54552293847;1015.83981841114;1021.13411388381;1030.76417872764;1040.39424357146;1049.51530848525;1049.51530848526;1049.54444357794;1049.57357867063;1049.60271376331;1049.79475906406;1049.98680436480;1050.17884966555;1052.09930267299;1054.01975568044;1055.94020868789;1062.44258306283;1068.94495743776;1075.44733181269;1081.94970618763;1097.91677591400;1098.48022986375;1098.48022986377;1098.50534679569;1098.53046372761;1098.55558065952;1098.80674997871;1099.05791929790;1099.30908861708;1101.82078180895;1104.33247500082;1106.84416819268;1115.24227322008;1123.64037824747;1132.03848327487;1140.43658830226;1158.57217877741;1174.63912673428;1174.63912673429;1174.70713519857;1174.77514366286;1174.84315212714;1175.24329805663;1175.64344398613;1176.04358991562;1180.04504921057;1184.04650850552;1188.04796780047;1200.97427901017;1213.90059021988;1226.82690142959;1239.48049348411;1239.48049348412;1240.19092596528;1240.90135844643;1241.61179092759;1247.26089407987;1252.90999723214;1258.55910038442;1277.24910820032;1295.93911601622;1314.62912383213;1333.31913164803;1363.31913164803;1368.87670994569;1368.87670994570;1398.87670994570;1428.87670994570;1458.87670994570;1488.87670994570;1496.66961444231;1496.66961444233;1500];
