%%Vsx=0,Vsy=0
x=[0;1.05879117973324e-22;1.05879121401004e-22;3.17637353815131e-22;3.17637357719572e-22;1.18004460219006e-06;2.36008920438012e-06;3.54013380657018e-06;8.71353828401045e-06;1.38869427614507e-05;1.90603472388910e-05;2.42337517163313e-05;4.10324027662854e-05;5.78310538162395e-05;7.46297048661936e-05;9.14283559161477e-05;0.000155942526757773;0.000220456697599399;0.000284970868441025;0.000349485039282650;0.000413999210124276;0.000615504871801773;0.000817010533479269;0.00101851619515677;0.00122002185683426;0.00142152751851176;0.00177934329784855;0.00213715907718534;0.00249497485652213;0.00285279063585892;0.00321060641519571;0.00356842219453250;0.00404798179941296;0.00452754140429342;0.00500710100917388;0.00544132566981667;0.00544132566981673;0.00561874887641321;0.00579617208300969;0.00597359528960617;0.00628418850423980;0.00659478171887343;0.00690537493350706;0.00721596814814069;0.00778799398801353;0.00836001982788638;0.00893204566775922;0.00950407150763206;0.0100760973475049;0.0111158454011845;0.0121555934548641;0.0131953415085437;0.0142350895622234;0.0152748376159030;0.0170999150133030;0.0189249924107030;0.0207500698081030;0.0225751472055031;0.0244002246029031;0.0267336791958016;0.0290671337887000;0.0314005883815985;0.0337340429744969;0.0360674975673954;0.0405941972688726;0.0451208969703497;0.0496475966718268;0.0541742963733040;0.0587009960747811;0.0704714704224606;0.0822419447701400;0.0940124191178194;0.105782893465499;0.138094898645516;0.170406903825533;0.202718909005551;0.235030914185568;0.267342919365585;0.376993084602941;0.486643249840297;0.596293415077653;0.705943580315008;0.815593745552364;1.01777583010500;1.21995791465764;1.42213999921028;1.62432208376292;1.82650416831556;2.06774476521124;2.30898536210692;2.55022595900260;2.79146655589829;3.03270715279397;3.44617450368355;3.77539809673209;3.87416517464665;3.97293225256121;4.07169933047577;4.10132945385014;4.11021849086245;4.11910752787476;4.12799656488707;4.13356119932196;4.13356119932202;4.13897185753833;4.14438251575463;4.14979317397094;4.15544396305126;4.16109475213158;4.16674554121190;4.17239633029221;4.18219665559140;4.19030138682058;4.19840611804976;4.20651084927894;4.21461558050812;4.22748709147717;4.23815525082705;4.24882341017693;4.25949156952681;4.27015972887669;4.28548457515193;4.30080942142717;4.31613426770241;4.33145911397765;4.35088737858694;4.37031564319624;4.38974390780554;4.40917217241484;4.44051680148688;4.47186143055892;4.50320605963096;4.59805091568392;4.69289577173688;4.78774062778984;4.98997352438488;5.19220642097991;5.39443931757494;5.59667221416998;5.96955842613036;6.34244463809075;6.71533085005113;7.08821706201151;7.62574832153779;8.16327958106406;8.70081084059034;9.23834210011662;9.77587335964289;10.8131737766223;11.8504741936017;12.8877746105812;13.9250750275606;14.9623754445400;16.4790819436591;16.5200330191353;16.5609840946115;16.6019351700877;16.6428862455639;16.6838373210401;16.7469351440285;16.8100329670168;16.8241951873047;16.8241951873050;16.8872930102933;16.9503908332817;16.9875388086083;16.9875388086086;17.0506366315969;17.1137344545853;17.1768322775736;17.2597231890819;17.2845904625344;17.2897428709061;17.2897428709063;17.3146101443588;17.3394774178113;17.3643446912638;17.4133477776549;17.4623508640459;17.5113539504370;17.6071933781208;17.7030328058047;17.7988722334885;17.8947116611723;18.1525411575625;18.4103706539526;18.6682001503427;20.0466574297791;21.4251147092155;22.8035719886519;25.2496976838335;27.6958233790151;27.7077972264734;27.7077972264736;27.7738426202435;27.8398880140134;27.9059334077833;28.1040695890930;28.3022057704028;28.5003419517125;28.6984781330222;29.6891590395708;30.6798399461193;31.6705208526679;35.1450495261659;38.6195781996640;42.0941068731620;45.5686355466601;49.5686355466601;53.5686355466601;54.7686355466601;55.9686355466601;56.0766355466601;56.1409180707595;56.1503630293725;56.1531965169565;56.1560300045404;56.1588634921243;56.1591185060068;56.1591950101716;56.1592715143364;56.1593480185011;56.1594245226659;56.1601895643136;56.1609546059612;56.1617196476089;56.1624846892565;56.1701351057331;56.1777855222097;56.1854359386863;56.2619401034520;56.3384442682177;56.4149484329835;56.7554327567678;57.0959170805521;57.4364014043364;57.7768857281207;58.3688131551915;58.9607405822624;59.5526680093332;60.1445954364040;61.8747918018968;63.6049881673895;65.3351845328823;67.0653808983750;71.0653808983750;75.0653808983750;79.0653808983750;83.0653808983750;87.0653808983750;91.0653808983750;95.0653808983750;98.4636005902298;98.4636005902307;98.4922156715335;98.5208307528363;98.5494458341392;98.7127894554428;98.8761330767463;99.0394766980499;99.6153528058692;100.191228913688;100.767105021508;101.342981129327;104.222361668423;107.101742207519;109.981122746615;112.860503285712;114.423528594977;114.423528594978;114.563613658439;114.703698721900;114.843783785361;115.264038975745;115.684294166128;116.104549356512;117.785570118046;119.466590879580;121.147611641114;122.828632402649;126.828632402649;130.828632402649;134.828632402649;135.424434958905;135.424434958907;135.501263685967;135.578092413027;135.654921140087;135.885407321268;136.115893502449;136.346379683629;137.268324408352;138.190269133074;139.112213857797;142.799992756687;146.487771655578;150.175550554468;153.863329453359;157.374724557362;157.374724557364;158.226685455850;159.078646354336;159.930607252822;160.782568151309;164.190411745253;167.598255339198;171.006098933143;175.006098933143;179.006098933143;183.006098933143;186.951978850391;186.951978850393;190.951978850393;194.951978850393;198.951978850393;200];
